0x1101 ZG_KOPALNICA 15000 0     0 450 451 1050 1051
0x1102 ZG_KABINET   15000 0     0 452 453 1052 1053
0x1103 ZG_SOBA1     15000 25000 0 454 455 1054 1055
0x1104 ZG_SOBA2     25000 15000 0 456 457 1056 1057
0x1105 SP_KOPALNICA 15000 0     0 458 459 1058 1059
0x1106 SP_SPALNICA  15000 0     0 460 461 1060 1061
0x1107 SP_DNEVNA1   15000 15000 0 462 463 1062 1063
0x1108 SP_DNEVNA2   15000 25000 0 464 465 1064 1065
0x1109 SP_JEDILNICA 25000 15000 0 466 467 1066 1067
0x110A SP_KUHINJA   5000  0     0 468 479 1068 1069
